time_silver_8K: 6957.466614961624 
time_gold_2K: 1379.8375539779663 
time_total: 8337.30416893959

time_gold_8K: 9470.582328557968 
