time_silver: 6957.466614961624 
time_gold: 1379.8375539779663 
time_total: 8337.30416893959
